9.024810108308802
8.018220378255625
7.737221408191436
7.616734400408381
7.371590246049902
7.172623426595813
7.653527458712775
8.55978174222344
9.480881478933949
9.044673785437551
8.563105025864951
8.494073847451471
8.161073561539702
8.217033998362071
8.189375742350032
8.174461624296349
8.099024811085954
8.012705444984391
7.443261141210643
7.017399047875111
6.399805718579948
6.42366454752587
6.300356241125146
6.541918289152661
6.459672095641509
6.49627784081687
6.143897885885607
5.95817793977661
5.7705940304709085
5.492967450071556
5.118618762308851
4.855599717322788
4.945968664347193
4.804307522118271
4.910469569471314
4.905117144501961
4.773578325584948
4.6200467709035555
4.422814821610856
4.222566585390327
4.111877132098725
4.095055029610721
4.0559285854857
4.037936079137256
3.947160559916241
4.01265433257613
4.0880610303787455
4.234451977123409
4.207952433630232
4.068413950370857
3.8825790114450127
3.882544264817075
3.8847010189768985
3.7874627403174213
3.7538633617243313
3.6950546181579407
3.6817615872043485
3.583337676635087
3.442851767916669
3.4370397722928034
3.3456887433197666
24.243708212398893
19.722250807682038
16.565652885044205
13.950107278639756
14.669276668518764
14.085114276622816
15.250054060493529
13.78422130743489
13.21254202221838
12.212623073798502
12.672382937252186
13.626509511711712
12.728426349117955
12.894517138728018
12.049607119099964
10.930499840631892
10.948615137431428
10.060957318136142
10.485101201338987
11.31620181991004
11.024946903940178
10.046614339762577
9.933083787012194
9.069081424082636
8.248486322536996
8.01916559542774
8.182613852857468
8.468578081570344
8.596823065852554
8.70724050345316
8.049123211533683
7.950188721244479
7.3938931062342474
6.747142621221705
6.5866840355537715
6.55264728537978
6.55264728537978
6.55264728537978
6.55264728537978
6.55264728537978
6.55264728537978
6.55264728537978
6.557127234286572
6.5377122442538464
6.550171553330749
7.028295715194688
7.647057629585203
7.684211366273932
7.195358028525063
6.954274478439477
6.988358817253226
6.968253333489957
7.4684696484437945
8.088930541909214
8.938153789211327
8.369039999607281
8.127054155720185
8.093844175152494
7.513080307406447
6.838684446644947
6.668437975582798
8.8818030920022
7.064770685754894
6.328415545002385
6.299974328766911
6.4280783269315025
6.9131381467742985
6.8027628013434684
7.174777297841827
7.247131766987724
7.260725140778963
6.797195317746246
6.540749000009736
6.51089423703972
6.080558438327443
5.563879138494843
5.234497026912604
5.019721747651406
4.6832650966314375
4.687737577946651
4.896053411024099
5.247365155539262
5.383641983020043
5.536784291521366
5.515486902918894
5.437506992778255
5.359567612570299
5.21489874468855
5.2955895772240495
5.3490201086726135
5.492822813514632
5.354301735065462
5.509306844037254
5.519778309883992
5.859347282708511
6.055289160862152
6.373205676146817
6.770721547636671
7.433417356249392
7.413908776285544
7.635086032343212
7.41996404120075
7.492378946127216
7.547167938366211
7.368042925497131
7.436925576442267
7.22202983098522
7.284786452581302
7.756562919343368
7.722908131386757
7.9639556169526085
7.608942243055375
7.121043826236287
7.069165470273485
6.64758818262877
6.410981062476804
6.3705345281682915
6.695328753507937
6.912413942855492
6.786903606635623
6.9243352680714425
7.268595712402208
21.089444903735433
16.593731316616914
13.522190852501929
13.006018385095054
12.897789906084979
11.568222883897489
10.042318050539265
10.244053594930891
9.894233959379994
9.171767449016963
8.715191177252416
8.964243829292885
9.797791649305935
9.427479271665957
9.793599417010839
10.603346015122336
10.300266514111778
10.874226126483507
10.11363482112403
8.989981285434297
8.108462333268548
7.302253643002917
6.9579935445652055
6.812849820901217
6.98311210956435
6.745146220120574
6.409779020355522
6.567489151482297
6.630454423575078
6.998183284378945
6.7118752508453365
6.5423127565792925
6.2186985371431645
6.304238796053814
6.080223408348461
5.969220705437638
5.675615735353613
5.522628447972823
5.676399294273906
5.5086909129394535
5.6397988957330245
5.897313688955293
5.898234147984706
5.943923808205326
6.230589513769708
6.659377448190758
6.551590557098913
6.516715420227412
6.48033874441476
6.491925761967148
6.4774098720938795
6.448419191771546
6.398015056201727
6.120735346218799
6.186969142267809
6.233004246899058
6.315266080048981
6.282757221375055
5.9921631526389065
5.677574673159443
5.503108626498485
10.734412636231495
8.534319600819494
8.303574513359495
8.356186629592084
8.85570270346795
8.556600092404324
7.835504894656868
7.947264800942619
8.040181115022314
8.100908477700527
7.617573466275825
6.9037722911273605
6.164550143353076
5.781566102578718
5.871956468483614
6.049101541106531
5.812977857608628
5.725587048174757
5.57441223941813
5.59433565301535
5.513687095278271
5.2039814399369435
5.287968962080867
5.632357830489623
5.923126841371917
6.1308012053966525
6.24257744434177
6.250533576645681
6.179818600732024
6.4998559540305445
7.137765872148556
7.576390585053036
8.432599123605128
9.022453990653489
9.825178830600818
10.296723854999515
10.562642343509282
11.039599343264724
11.439898259678845
12.846659975425096
12.197651587556853
11.960874163385183
11.727108800488923
-988.2920369284518
10.206583194435233
7.541605358932042
6.988931886780998
6.8667870047937285
6.594272381599651
6.786906303484437
6.928238013517328
7.473060190881211
7.824865391019542
7.513960773800767
7.107568838995064
6.663564505787402
6.3760809871830535
6.158015582521864
5.998615418800635
5.816544425085929
5.57301341609318
5.278530318667775
4.990582987629897
4.777658015872096
4.479167635306668
4.2575042963031855
4.316001895149679
4.32061253394229
4.249996629100195
4.1609658809425545
3.9866074187160017
3.8952189251954734
3.9012119965286316
3.9219796670343845
3.798070465120899
3.692111666272341
3.622938395962846
3.515284353967501
3.4542865542800216
3.4577312938833233
3.3784380927114857
3.247837006628959
3.2252530996022237
3.216673222908536
3.3003230700779325
3.241553326158466
3.2551170911990526
3.1792198878147606
3.110583333077374
3.0118517008783523
2.9525087427848655
2.8975094355315347
2.9120001797106183
2.920324716418754
2.9282570172919797
2.9342736757503878
2.9139651143318335
2.973735481041538
2.9864993888109463
2.989219870963593
2.990767673365235
3.0721252553078515
3.0121336353128125
3.0003186352795654
2.9475834707855713
10.66196720644803
8.201035486634481
6.900989302799206
6.36670207638919
5.753019758460642
5.200129996886564
4.802794024338971
4.629691763448722
4.618025403032786
4.796143915251302
4.912188328746117
5.098597225519646
5.238457490489981
5.291450829676796
5.211392143593433
4.944727675247978
4.794132448483394
4.708775720703277
4.857148990496649
4.843236525187775
4.851212375290789
4.848764552406941
4.851092400336277
4.670832750232289
4.672127818950736
4.4812636509593196
4.278742239443161
4.1697153724006055
4.25523827143609
4.473760009119667
4.452631242346747
4.4364157396923725
4.269688978794276
4.170498841399927
4.111054453665365
-995.8970058150227
11.30632744322161
8.704956736366084
7.307555555860247
6.660354472583971
6.255083938370308
6.025287313749922
6.2197668255344825
6.286267735070284
5.966599974712936
5.496728712586205
5.2363054987229605
5.094695986448789
4.79359694285417
4.623698834142351
4.563747003832941
4.463480721616263
4.395887794794207
4.2983433225255645
4.067646272419697
3.931678329275036
3.9914192774560115
4.07504156282332
4.0805855069717065
3.9319631778472877
3.7918954459843097
3.7518886864387526
3.7471969407516323
3.746228547898155
3.6941393557943316
3.537648957580255
3.4846203872742403
3.4182595873352652
3.3350097812295885
3.1837659085014107
3.1289869988769095
3.1314878105578385
3.1648963481864234
3.2110031213831833
3.2582488881312717
3.3979041576912614
3.4873036225595118
3.5634793590692118
3.6094695483607713
3.6256175342879513
3.621328620641212
3.6341617235775794
3.52346897055493
3.48245036018287
3.4727198242547557
3.4675952862527364
3.450237446471854
3.414668986375759
3.380241503471743
3.366058529518755
3.4733381805822456
3.541047098816649
3.5667064519055454
3.5459636511840746
3.4837255815197214
3.3882170370459166
3.3097553001831725
10.819476102150341
8.168309717407691
7.331209409460366
7.107367645096528
7.167031881175064
6.816096546490376
6.595640976524063
6.8332277553708805
6.755689057302517
6.9597435103338965
6.704835506842951
6.733753537656071
6.3387058181808404
6.203917955210635
6.000684620458469
5.790619838301666
5.67206734913701
5.6645750011231
5.741048546622708
5.6717931233369585
5.745832359025158
5.492021061326347
5.410676802553835
5.280378609303039
5.240145071081842
4.956880250097128
4.775718768069408
4.687626671325562
4.681908444602708
4.688253638796558
4.653954701365333
4.674657681354549
4.888004985537657
5.018211164431839
5.07917836293344
5.140861781336861
5.171871636855857
5.170977614486286
5.443985334319166
5.658654132229103
5.815770750572019
5.563021312838585
5.146666506159675
4.902344980180815
4.775677811253958
4.6906104393689
4.63653369522973
4.582612832042167
4.500965612615241
4.253479019059344
4.119487082490807
3.89075918541043
3.6348079665867443
3.384995734746035
3.250382480763256
3.175830554017716
3.1334324937268705
3.1086217203834106
3.0952494744992
3.1815850383399558
3.1401332362775958
17.91206308795611
14.554820619824357
11.418034957367393
10.724189549063178
9.94180548489127
10.184313416761883
10.22663609328519
10.84626278152569
11.550377824650532
12.451856738304192
12.916043543457866
12.528593637580435
13.750230412780613
13.516777642827138
14.577097452274622
13.714621577355349
13.234638669412583
13.582374481925713
13.712663277658981
13.81841402796763
13.905262932104407
13.978107906505997
12.522739972738094
11.851321628025083
11.47940448796973
11.302113288213125
10.709803172470433
10.926751595151739
9.95855861407273
9.434314392712569
9.136411219061994
9.04609749784152
8.98205588376173
8.269232873743857
8.511350349070607
9.401803884082875
9.83353232173458
9.987037052230122
9.248402651638484
8.200852062203282
7.172768150407674
6.664606861159752
6.812043197789804
6.766163296808284
6.690654042087757
6.569952756209359
6.62272610997329
6.695387810467679
6.503025591165928
6.537586279272077
6.143529756511214
6.065965829775384
5.879558302860206
5.759192075739273
5.684911629107851
5.5222749313193615
5.264265803894083
5.01335544914864
4.850780642013227
4.8193428403530865
5.00347987883615
10.852492075620892
8.429229031003922
8.009074920682076
8.170479851921444
7.816771140634891
8.04562961135816
8.428944388300902
8.273138235787169
8.87459791400058
8.622485543693845
8.96873131823965
9.667714629582594
10.844862473255315
10.599748598389436
9.954976686534348
10.310415961048779
11.182763958624257
11.025083243054212
11.65844845050342
12.020239741049263
13.318033861099133
12.944637620642732
13.888801800395507
15.5117610527345
14.618784065764173
13.866336713593693
12.017646570685827
11.041097304371203
10.318347602533136
10.183594252933416
9.313404264630956
8.821658855560157
8.649195181270294
8.486493012280784
8.378736587759112
8.27334240263789
7.873679495965242
7.829858149907017
7.861432714028466
7.8156005389951035
8.012708755857897
7.42828358796139
7.0154712454962045
6.883562684957929
6.719284128361651
6.717382370453701
6.273843992546259
5.925124258556372
5.599285561869763
5.395230464386797
5.271201136511138
5.223713515724813
5.30165221145878
5.473239164044614
5.582913357207037
5.553033008297824
5.814122157487706
5.9720250465068565
5.902051710300419
6.122359159103085
6.251637833682427
332.81093621613763
22.135443666149285
17.176689237371615
16.47799544763811
14.781839448646474
14.077409731718399
15.124154053266833
15.56835486576778
14.45636348309408
15.380608023296015
16.799445897334454
19.748913202780688
17.69832388263585
16.92233838302568
16.207361331789258
14.487351036614205
14.572023795136072
14.407806020464717
13.59522056886257
13.272169831376898
13.191353658841932
13.193088658633105
13.992399332350363
12.608843730973653
11.350126131636411
10.89879835326227
11.013832866403192
10.957247956245409
10.951845746597982
10.242812036208248
9.357068896693805
9.077119248916198
8.875876503584633
9.338821492659456
9.553393439452263
10.064333488333336
9.463240376542485
9.522348054979245
9.380618647895636
9.06582706096936
9.292540385460466
9.659169088148467
9.724207693039174
9.515376751752502
9.347150308628247
8.894161013092956
8.666366386728757
8.729341531936358
8.99398176031666
9.947292595179437
10.069986986450182
10.463750270521405
10.97601459047551
11.262632562187187
11.066055967034844
11.192773150227591
11.348421662505384
11.440276887347121
11.26278769167053
11.248010586172176
10.81221333396076
8.219884052226934
6.597090526736501
6.219994604158603
6.045777283164033
5.856880297145488
5.720267792542516
5.594491159950274
5.478415466167012
5.48928113968618
5.364810635193706
5.260827225978452
5.280848607030716
5.053289839077743
4.918203121742049
4.82558267662754
4.780909915879742
4.771083797214971
4.756669196046253
4.832542042929436
4.821211132332887
4.826470172472455
4.833468038946351
4.8409352980417815
4.88498097883729
4.899937703476354
4.905621947172948
4.905014263252744
4.905639928532564
4.905157603774185
4.696209783783398
4.57248846417831
4.500637166171023
4.520919962328793
4.310800084705666
4.197620127326193
4.074271575494521
3.985157169137682
3.9082708378799387
3.8435385726537774
3.8928949813025207
3.746227907347746
3.6582854934050553
3.6074121000405412
3.581857379671618
3.5271354439285387
3.4186874012427566
3.3556545270572182
3.348609358316936
3.3203439557735903
3.4107901389507873
3.469007744746351
3.395034907698946
3.3496256139078566
3.320749367950465
3.296313430689672
3.2792456210215954
3.2375197773279147
3.236308589425214
3.231275226920589
3.198186162800882
3.169276326926746
22.245312540197308
18.597651799706494
14.67916064970971
14.634811745049898
14.315583213425596
12.763706091012802
13.304273274225926
12.489420616742809
12.406780275719962
13.321404060280035
13.83520452481111
14.122944857812177
13.225461943377109
11.71440188208743
12.097549328260161
11.147566146218951
10.81757173442343
10.566503889300401
10.444515247555577
10.37539360230922
10.318832568214331
10.300123329257607
10.228446638229636
10.191865772573605
9.58039502915982
9.743711044360557
9.749158694678432
9.555166179551186
9.105275814051902
8.4535858552185
7.706659478171486
7.669773958746071
7.308683305262496
6.764416186160748
6.167112174240262
5.581574116513082
5.1806855244883785
4.882826471382451
4.782746202166023
4.801766575151199
4.628150849290234
4.600212262015594
4.5937365435263695
4.413532779908699
4.147137752808981
3.8588629006046204
3.664594041718451
3.4672744279362036
3.351300860047852
3.2589056148536604
3.2262796475519417
3.1117682243286104
3.018539485293427
2.9564353188394583
2.909388641372695
2.8716015976240867
2.838698406913887
2.8670772565821183
2.864521204485841
2.866133970001129
2.840010336346638
13.336535118292378
10.944211698492726
9.095441425703912
7.841882897037606
6.95725423555479
6.829574698513091
6.749288682626752
6.6967793275351895
6.661101721483113
6.639232293153959
6.511807552729163
6.525835897023048
6.522131285999028
6.249338320384093
6.338109141710434
6.40676551089663
6.556185290116064
6.579627079999612
6.90234716048016
6.962797983888812
6.744655301319956
6.796911156502405
6.77880536079926
6.745687709245043
7.120084710881333
7.520235682385968
7.922794829955907
7.914831727516576
8.163317068954282
8.4727421071431
9.286642208839021
9.889510740521738
10.081462085530893
9.968334115494375
9.415048609691455
9.100368709052384
8.370316165577135
7.532091192538948
6.703536610090999
5.957814808834504
5.546136892664866
5.31338407089295
5.3969026470849455
5.631911922508697
5.949307450802294
6.276501727363697
6.062953733871034
5.584236044975507
5.04797460813652
4.5479203470146325
4.108782251074851
3.8525241752853843
3.7335327140678936
3.52920951414112
3.5267217199093106
3.51407914663606
3.497381150676594
3.501917796411258
3.498226408061654
3.507499683020194
3.5075675731539295
14.853892229204403
11.135114071313597
9.605517586769171
8.90071177960949
8.824728869477289
8.410162362866402
8.170766768999203
7.5130929236042645
6.761837033826521
6.808903783709968
6.987324283445429
6.67099509650573
6.515802310130265
6.444638161831996
6.415785453729962
6.816717627861111
6.9832488105069705
7.116551471362399
7.21375450861113
7.279337643729927
7.322538489795499
7.349149728984253
7.311166617633619
7.764270509972518
8.107967651675795
8.310376677302107
9.189198943500795
9.612923124989354
9.781309119413283
9.670882612548835
9.505232704751313
10.256514599696608
9.67331576313383
10.2482004913242
10.552584831163916
11.11537842680465
12.829107561606541
13.787060158851132
12.670196387365655
12.414840767474784
13.717491625901088
14.452675866898865
14.848387446734476
14.848387446734476
14.848387446734476
14.848387446734476
14.848387446734476
14.848387446734476
14.758670929431101
15.350344304920306
15.750553729635177
15.962641496970173
15.962641496970173
15.962641496970173
15.962641496970173
15.962641496970173
15.962641496970173
15.962641496970173
15.962641496970173
15.962641496970173
15.962641496970173
7.731789734385164
5.725796109956152
4.970925892948688
4.420887075149728
4.001117812757359
3.734958533756267
3.6009617318891
3.4229579282070497
3.2277099866041743
3.0319259593084666
2.895976255393788
2.806823368325021
2.761671358218335
2.732206913654191
2.6536697618225973
2.6022500547205785
2.627145245911251
2.6136623600709568
2.590905750816978
2.537195038788246
2.4506316406745037
2.3963356177567863
2.363147930287324
2.3426436996961297
2.329971662912332
2.3219751981333667
2.317247631902363
2.3141512684149297
2.3126777703204935
2.3115673205495946
2.2676396014722187
2.2607455376501284
2.2979306590742703
2.299659778718652
2.346505980772579
2.367422472936176
2.347428798090041
2.3584995061228184
2.3629714528588384
2.3644267661845983
2.3179667853293435
2.2867566677039344
2.2553699398542837
2.243159756327484
2.223279758298524
2.219637778936602
2.1743663101718034
2.184684201638462
2.192901123516708
2.1992630512426055
2.2033573480958157
2.1865425164976786
2.165813261983039
2.162704412273628
2.1595539278502516
2.1691973204015413
2.1894056640718285
2.181182354899705
2.1758023402336746
2.1832860083595875
2.1815005716200475
19.328379230808824
18.0355376035591
15.255115859756831
13.359683133861394
12.430244065759119
12.699333780057124
12.805543362443471
14.16076661393463
16.332586263539838
16.823035074850477
17.198897024803347
17.429766129086747
17.577478456690702
16.048775133183568
16.394411985549834
16.45206079498492
15.337541429076747
15.84022613299477
14.021177561355357
14.115806606596161
13.995652773381147
13.053345159079392
13.847059534083524
14.343823884264639
15.985772166181135
16.970381643803425
17.584491190065396
16.437488664096684
17.658299833237354
20.86407608951079
22.365745514907452
20.821550801025243
17.283467435817023
14.347963328029868
15.058116870568137
13.023075443685313
11.030808729691007
10.3113916458799
9.993348450328432
9.881116889972803
9.74732616902522
9.387842373482306
9.771924087179945
9.965188559012354
9.81865726183831
9.968869538843448
9.640178771161887
9.686670210782376
9.993945906898215
9.964854953682945
9.96105666092557
10.001085771176111
9.915518442778305
9.843906163391347
10.781237300455016
10.131877203087145
9.816453537056706
9.871451542462829
9.573845276709434
9.7689291432661
9.609450105358817
10.364260749352452
8.096800337516443
7.038046896417666
6.173869742564379
5.6033211994514565
5.288799204558698
4.992179904191328
4.761064984595128
4.4896555445077535
4.182449477216677
4.152131418562323
4.139891016178051
4.133119282664147
4.129502228312638
4.093190211564839
4.0590446526105906
4.064222136170246
4.14326793924241
4.241290845299164
4.276460214011953
4.377182123116803
4.446873724287096
4.322000842047917
4.418908380182436
4.546222831525323
4.57593262476966
4.592478501954972
4.660142466696537
4.756378318828378
4.825122459413062
4.893391587219071
4.973807397193475
5.006880586164052
5.055939856883536
5.076893103246283
4.848524666244729
4.68828999455183
4.612289279677446
4.576165042726256
4.365742788069268
4.427620742943055
4.4471275819404665
4.475213446635211
4.492324160999055
4.478940457209016
4.427965694974452
4.422968292938687
4.408156018122306
4.234493471072333
4.072782125025784
3.983180129701899
3.9336851551483307
3.9061665563011303
3.9025272245042424
3.8130202194347422
3.7177051084943096
3.6533316635364392
3.570197636558671
3.465879070122438
3.417825731221626
3.391849032354125
23.923746683628593
24.9793848101192
23.22664131019975
19.08416361292434
18.158661293644194
18.676609753799426
20.392798395039758
25.94441621833422
24.18523121235732
23.472320686640487
24.688566770404442
331.18155360757396
24.835088347790922
26.016601158398903
22.553552186157482
20.783061114259752
19.953946464884325
16.960261019354085
15.308686199125654
16.340908496467165
15.433566097821105
17.692248974326944
17.800548133117363
18.02082984138128
18.16764121674554
19.74615186865969
20.243395405594413
20.356299153425212
20.379357145239958
24.09822087264801
331.6810207527454
27.09396980849558
28.92585121535094
29.353285219710877
29.710367174367374
29.97502477932657
330.2175371494647
330.4325136144542
330.655363724706
330.8913820840849
28.732622599215844
27.364078660836796
331.28365085670214
337.0197410197211
339.57324947692285
334.863476932764
332.7721776455367
334.81958146893874
334.18140299008826
26.778593774711123
23.157948310914414
18.632795050626775
16.755683470480005
15.948678113294978
15.56551072437371
14.748017782696781
12.556739153018528
10.45996185687202
9.226818684055935
9.294379605483835
9.185787768057974
10.826646849336365
8.741377104941819
7.461147617719274
6.97317583417101
6.368155519742261
6.131872846941494
6.037195078261463
6.045630742513832
5.926290515837241
5.891894261855817
5.88851675266007
5.897992383372391
5.996397627557048
5.998957962764343
6.044329734134485
5.703018811091396
5.535398444517559
5.434787969868661
5.459500570000428
5.45294387649231
5.494351412194575
5.531169100578999
5.2422336967839165
5.371977470240623
5.152744638396643
5.055742981019358
5.021559773517348
4.754004712652576
4.615106320456657
4.529651185455881
4.462023817864946
4.253088366416017
3.9838400295780896
3.865610542630418
3.665509122205429
3.4492234537745596
3.3488388495774504
3.4169371606143577
3.459517850287878
3.36809315527285
3.325265689184772
3.3024747332910183
3.284755102793033
3.3864765429569164
3.413524837598967
3.42796491833488
3.329849168330834
3.1794970567459155
3.1134873464013433
3.0834219897497364
3.0764412894442597
3.0661096592685118
2.969539321485195
2.9185658377270025
2.895200099317011
2.8841408226408007
2.871973384279842
2.862209019450145
2.852071486504708
2.772236974932925
2.725277224845031
13.679458847891302
11.821870485192497
11.488627823402028
12.096007883787902
12.402207146502947
11.51588128424025
11.022255561265444
10.775041022974502
10.65447948491262
9.763356452894888
9.533279361021256
8.62831599810703
8.182139610430688
7.966653213712294
7.8641248115594165
7.875195973313239
7.817772236873233
7.557217028917135
7.565465277199771
7.068275396524879
6.8669588145104346
6.775997185301952
6.741423192073275
6.730816776940132
6.729144015362319
6.730096145360021
6.733901150727772
6.342533786647829
6.186233846313754
6.118962615903443
6.0900172855604335
6.080208880510012
5.751293979819649
5.601863980288268
5.541035771101717
5.51820912569944
5.812435707706331
5.963809276245075
5.662895345388789
5.5305267153788105
5.777943621816853
6.252670489487423
6.257904995351015
6.314413150354436
6.333435131038315
6.341656976156443
6.345280471382513
6.4494519536616215
6.445846152651652
6.074876635649324
5.924462794582476
5.868969588639017
5.847246945026891
5.822348944255209
5.861310604219744
5.547539928012926
5.405944072987211
5.393180613380769
5.367731771363628
5.343168567415466
5.346075594052625
16.58333981132194
15.078287531385275
14.347501262913392
13.94145818058958
13.796369013923467
13.661055903071249
13.487399345110363
12.926088733232461
12.447118886947871
13.290504593060733
13.536172009251894
12.481751787299665
13.05011311805276
13.287684763147437
13.361494796974327
13.409346774471988
12.338433944999103
11.136243385915433
11.688473196808138
11.522763025927146
12.010574850624044
13.006545413059502
13.167684260111416
13.305523381756055
13.398529947345537
13.461184530626321
15.261479459059675
16.0053318880096
16.341923735174454
16.474603245301704
15.56526267796376
13.73151014784561
12.620979424941613
13.060838525507547
14.409040017830453
16.056223401207976
16.518010345156274
17.901106305782406
15.980349678700945
15.138617798283947
14.460730478349422
14.30393006052285
13.973166280021937
12.244173742856965
11.557784604520087
-989.4776819998364
9.58625140360857
8.265057548003806
7.810025303041389
7.659614264137307
7.773150228566667
7.749303943839408
7.749239021867069
7.751176788197291
7.754477510850502
7.239308767157424
6.607674688757037
6.350302294221471
5.914608736687176
5.460459718785348
5.3472479519711325
5.032225640481381
4.683864003354903
4.374294699121555
4.24849130690711
4.24001301933333
4.23428482182699
4.23490596813908
4.265585134642653
4.243624000780454
4.240057039722429
4.236579190457682
4.211075406135145
4.2286152533957715
4.261211607475678
4.267800281259446
4.252684508502
4.258386534359028
4.258386534359028
4.258386534359028
4.258386534359028
4.258386534359028
4.258386534359028
4.258386534359028
4.258386534359028
4.258386534359028
4.258386534359028
4.258386534359028
4.258386534359028
4.258386534359028
4.258386534359028
4.258386534359028
4.258386534359028
4.258386534359028
4.247572171568962
4.249557807158184
4.25838709321667
4.25838709321667
4.25838709321667
4.25838709321667
4.25838709321667
4.25838709321667
4.25838709321667
4.25838709321667
4.25838709321667
4.25838709321667
4.25838709321667
14.14895294672981
12.656104105157688
11.870925704637225
11.591991157625714
12.324255867932775
13.408987043143116
12.999068421675199
14.062645622307516
12.81625237921104
11.39046431981445
11.27915530417766
12.04969112042631
12.383654660386856
12.534505098425598
11.575947160232525
11.781173268452822
11.807133306735913
11.84377970721403
12.439078986752389
13.129272553531663
13.379689058048294
13.549396285829777
12.62057721067964
12.026131001983698
12.634170876008604
12.980284900629574
13.18658302395019
12.369116568047742
11.513102232034376
10.577822139621126
9.530965848545843
9.909805492616348
9.465404158308893
9.257067798583295
9.18109202363056
9.16230312862439
8.882069208337294
8.99529637409955
8.514412016903119
8.489150093253285
8.344797847847184
8.272339081013126
8.241237360799525
7.868628237681674
7.921240174466862
7.749215948718583
7.215430269016649
7.007678765191277
7.074905050895857
7.23393843025568
7.6008483356791965
7.645572080750975
7.961115204502543
7.442282791282626
7.256567043662185
6.754111525944747
6.406376693023915
6.362695069777806
6.4857887817488304
6.880686921959324
6.955445350447564
16.684096803465863
14.398627976667939
13.742431403319593
14.025113569924677
15.746711269780112
18.02787610726663
16.90555805866282
16.043471217683024
15.632386513311081
15.465607228231622
15.411942017730748
14.658430051906976
14.258430264483403
14.125699860541868
15.09210051400576
16.699673952340966
19.397900189000122
18.383701979749013
21.854306343175285
25.131184373074337
25.68336367353436
333.35935389858525
332.5880007765435
332.682470086395
332.83042876952646
332.0422467497199
334.9537919291226
335.2059237859506
333.44538363657796
334.85490075816057
335.4984508190808
336.01081577890835
336.4759818449856
334.38209821771704
332.48866517025374
339.486969739766
331.1828559431921
23.95787518383191
20.26427404148476
21.82492614769268
24.506163774493917
25.880999197122257
25.027185591491975
25.526269231361944
25.648465454139412
25.74718336545163
20.835704734362718
19.574446081389997
19.09316174529541
19.09316174529541
19.09316174529541
19.09316174529541
19.204942549921082
16.2340143497582
15.28663626247343
14.57106437082086
14.176605777658347
14.176605777658347
14.176605777658347
14.176605777658347
14.176605777658347
10.46210124001363
9.083543207138007
7.87561448322136
7.239755687238011
7.045718384457835
6.933960756744724
6.889462276813529
6.8754018819936
6.873746863017737
7.277423951660227
7.0557020187822586
6.845604639507411
6.616688122441973
6.856961579647103
6.9973273693921785
6.863739411963574
6.811535959842854
6.801806072965338
7.043555840688167
7.034046701280029
7.045372300894765
7.39389857961775
7.558789550872324
7.927860700263221
7.662148231400473
7.741017310859371
8.106357665678532
8.225156143057077
7.93102531923542
7.805873796546137
7.764122388445402
7.458504138634064
7.503074495511197
7.510422281124621
7.520183467206074
7.529513536682388
7.832904691107996
7.445399876349403
7.026722057027011
6.741063617485239
6.733338761580791
6.7186834186274424
6.716622354768853
6.7195829047553515
6.724090444156741
6.731323585671848
6.738714654909168
6.746049488503785
6.510549994035894
6.415757681012942
6.387434725519032
6.382154833632523
6.384743312632481
6.390876652773398
6.201925419382212
6.233125812370515
6.007213955649812
5.922842036499114
5.90206497856961
5.8991501987260335
5.901807004151765
343.2983415704676
341.72436571686063
333.660863190715
22.539674018605375
17.532400895813375
16.46475553541184
15.892098315678451
15.661041557467003
15.575455867441194
15.557297379846997
15.56832810250672
15.590875462290986
15.620621418389032
15.942592567429825
15.814025192989721
15.679091540838927
18.103976355074693
16.666732220985825
15.966911235788931
16.368186951633493
15.677611855340016
15.416801220026684
15.042946069087156
14.925530165080303
14.925530165080303
14.925530165080303
14.925530165080303
14.925530165080303
14.925530165080303
14.925530165080303
14.925530165080303
14.925530165080303
14.925530165080303
14.925530165080303
14.925530165080303
14.925530165080303
14.925530165080303
14.925530165080303
14.925530165080303
14.925530165080303
14.925530165080303
14.925530165080303
14.925530165080303
14.925530165080303
14.925530165080303
14.925530165080303
14.925530165080303
14.925530165080303
14.925530165080303
14.925530165080303
14.925530165080303
14.925530165080303
14.925530165080303
14.925530165080303
14.925530165080303
14.85400747695989
17.17015206305359
16.710630998533276
17.784751300016183
16.738315147954275
18.036170850976344
8.792635574701716
7.758403077815749
7.1302982710774945
7.048989694460011
7.033988963432482
7.035549763929296
7.040977554222027
6.933709581415934
6.9496177708137585
7.058483955673726
7.055194315636813
6.710624530573867
6.567496613636427
6.507658595077202
6.237149748262787
6.187733956259584
6.185320483674927
6.237509852948275
5.986198177359501
6.18309659639993
6.5130142171773695
6.561832407177589
6.565679507154568
6.559632538637699
6.557280102079064
6.555626878613394
6.299733201532773
6.240010051348775
6.187580058502386
5.947457824025215
5.868579565710416
5.615835758575102
5.37500880655818
5.2898524488227325
5.28555121733449
5.277933310044119
5.097071875378982
5.014805619108107
4.986626592029174
5.150325064335463
5.205479472407464
5.24285793053272
5.255488587829566
5.2598612735233425
5.261576386909894
5.282624459499648
5.282157838128995
5.282367562707253
5.282584459107356
5.282843088615048
5.283074211090791
5.283312718867033
5.49030003073307
5.749062920186986
5.7629812104958535
5.756989014022341
5.74995227047309
5.746728541483249
5.745279839365362
5.95907898445266
6.0089202053722595
20.30739973744133
18.664804490872864
17.080571607864982
16.227283157599363
15.85823028954349
17.78026805156457
18.821490042260375
16.879370707291493
17.557432325669456
17.257264121054003
18.23429392097842
16.904839655601247
15.880024137902703
13.88460097885567
12.889903721624071
12.421970905589045
12.988594280647831
12.806810470836083
12.288116279025552
12.024123633146123
10.903284059850261
10.379018595705338
10.122356961984293
10.868921620440855
10.410512710987188
10.474076668504088
10.323619444348482
10.2617623077045
10.2336797753497
10.22451075730703
10.222846047270762
10.22715275465882
10.234108931977481
10.241372855831582
10.248971861680342
10.256401861983987
10.26419713959132
11.23535924937376
12.532127861710205
13.100302155096454
13.346504008904372
11.9893631457647
11.376201726233404
11.089044910921146
10.661272417461506
10.896048715425334
10.681238191869104
10.616163100587265
10.604712738090445
10.614658607420322
10.630307237409445
10.64345802219888
10.902826428421951
10.898057018896422
10.903909905237438
10.90959758726588
10.915804081144215
11.03906212499571
11.036735272494818
10.919430831708898
12.176477708692786
