3.3456887433197666
6.668437975582798
7.268595712402208
5.503108626498485
-988.2920369284518
2.9475834707855713
-995.8970058150227
3.3097553001831725
3.1401332362775958
5.00347987883615
6.251637833682427
10.81221333396076
3.169276326926746
2.840010336346638
3.5075675731539295
15.962641496970173
2.1815005716200475
9.609450105358817
3.391849032354125
9.185787768057974
2.725277224845031
5.346075594052625
-989.4776819998364
4.25838709321667
6.955445350447564
14.176605777658347
5.901807004151765
18.036170850976344
6.0089202053722595
12.176477708692786
