352.85437427388035
941.3714552503435
1336.5751852531735
1821.85557465366
1172.8542816812212
1445.9474284085532
628.8740676018398
889.0418220820578
1211.9603829778334
1800.8489232749364
2332.0553184467826
3393.7675734539052
3665.2232151003573
4162.75539956221
4565.68150936246
5245.329083414435
5409.0089316809535
6232.732542950029
6513.417237029056
11827.878906547136
12108.475843195722
12551.583290694773
12187.4323129599
12493.437482099323
13112.435861238295
19288.638638715904
19720.219797530644
21644.495784891424
22013.259380018728
22775.632229936604
